# q[1/Å]    I(q) backend=xraydb
0.000000000000000000e+00 1.439898961772410075e+02
1.513294193894510614e-02 1.439774750024326124e+02
3.026588387789021228e-02 1.439402249303524286e+02
4.539882581683531843e-02 1.438781862827672455e+02
6.053176775578042457e-02 1.437914261452133076e+02
7.566470969472552377e-02 1.436800381914231082e+02
9.079765163367063685e-02 1.435441424385969640e+02
1.059305935726157499e-01 1.433838849345849269e+02
1.210635355115608491e-01 1.431994373783398657e+02
1.361964774505059483e-01 1.429909966752851176e+02
1.513294193894510475e-01 1.427587844295173056e+02
1.664623613283961745e-01 1.425030463750263152e+02
1.815953032673412737e-01 1.422240517483664917e+02
1.967282452062863729e-01 1.419220926054469487e+02
2.118611871452314999e-01 1.415974830853294293e+02
2.269941290841765991e-01 1.412505586241243520e+02
2.421270710231216983e-01 1.408816751222591677e+02
2.572600129620667975e-01 1.404912080685595583e+02
2.723929549010118967e-01 1.400795516247272872e+02
2.875258968399569959e-01 1.396471176739242424e+02
3.026588387789020951e-01 1.391943348372759033e+02
3.177917807178472498e-01 1.387216474621870930e+02
3.329247226567923490e-01 1.382295145864278823e+02
3.480576645957374482e-01 1.377184088819810484e+02
3.631906065346825474e-01 1.371888155826648870e+02
3.783235484736276466e-01 1.366412313995382419e+02
3.934564904125727458e-01 1.360761634280719079e+02
4.085894323515178450e-01 1.354941280510258821e+02
4.237223742904629997e-01 1.348956498409070548e+02
4.388553162294080989e-01 1.342812604658007558e+02
4.539882581683531981e-01 1.336514976022679377e+02
4.691212001072982973e-01 1.330069038588831631e+02
4.842541420462433965e-01 1.323480257138562024e+02
4.993870839851884957e-01 1.316754124700316595e+02
5.145200259241335949e-01 1.309896152304025634e+02
5.296529678630786941e-01 1.302911858970998651e+02
5.447859098020237933e-01 1.295806761966379099e+02
5.599188517409688925e-01 1.288586367340054721e+02
5.750517936799139918e-01 1.281256160779892639e+02
5.901847356188590910e-01 1.273821598799145534e+02
6.053176775578041902e-01 1.266288100277754864e+02
6.204506194967494004e-01 1.258661038375132222e+02
6.355835614356944996e-01 1.250945732829856922e+02
6.507165033746395988e-01 1.243147442659542037e+02
6.658494453135846980e-01 1.235271359271980032e+02
6.809823872525297972e-01 1.227322599996531665e+02
6.961153291914748964e-01 1.219306202042596965e+02
7.112482711304199956e-01 1.211227116889971569e+02
7.263812130693650948e-01 1.203090205113852562e+02
7.415141550083101940e-01 1.194900231645305979e+02
7.566470969472552932e-01 1.186661861466155727e+02
7.717800388862003924e-01 1.178379655735419789e+02
7.869129808251454916e-01 1.170058068342733293e+02
8.020459227640905908e-01 1.161701442882574042e+02
8.171788647030356900e-01 1.153314010041579820e+02
8.323118066419807892e-01 1.144899885389849743e+02
8.474447485809259994e-01 1.136463067565799321e+02
8.625776905198710987e-01 1.128007436842951137e+02
8.777106324588161979e-01 1.119536754065965312e+02
8.928435743977612971e-01 1.111054659942233513e+02
9.079765163367063963e-01 1.102564674674514720e+02
9.231094582756514955e-01 1.094070197919340472e+02
9.382424002145965947e-01 1.085574509055297625e+02
9.533753421535416939e-01 1.077080767744767371e+02
9.685082840924867931e-01 1.068592014772292771e+02
9.836412260314318923e-01 1.060111173142436627e+02
9.987741679703769915e-01 1.051641049419793319e+02
1.013907109909322202e+00 1.043184335293692016e+02
1.029040051848267190e+00 1.034743609350130669e+02
1.044172993787212400e+00 1.026321339033532780e+02
1.059305935726157388e+00 1.017919882781081640e+02
1.074438877665102599e+00 1.009541492312612974e+02
1.089571819604047587e+00 1.001188315059343807e+02
1.104704761542992797e+00 9.928623967150727481e+01
1.119837703481937785e+00 9.845656838939339650e+01
1.134970645420882995e+00 9.763000268792343661e+01
1.150103587359827984e+00 9.680671824484458909e+01
1.165236529298773194e+00 9.598688167599888743e+01
1.180369471237718182e+00 9.517065082880380089e+01
1.195502413176663392e+00 9.435817507922195091e+01
1.210635355115608380e+00 9.354959563097222031e+01
1.225768297054553591e+00 9.274504581580161755e+01
1.240901238993498801e+00 9.194465139370798568e+01
1.256034180932443789e+00 9.114853085207089123e+01
1.271167122871388999e+00 9.035679570272084504e+01
1.286300064810333987e+00 8.956955077604666826e+01
1.301433006749279198e+00 8.878689451131039334e+01
1.316565948688224186e+00 8.800891924240961828e+01
1.331698890627169396e+00 8.723571147839510331e+01
1.346831832566114384e+00 8.646735217811830410e+01
1.361964774505059594e+00 8.570391701844923205e+01
1.377097716444004583e+00 8.494547665556956417e+01
1.392230658382949793e+00 8.419209697890497068e+01
1.407363600321894781e+00 8.344383935732308544e+01
1.422496542260839991e+00 8.270076087727711922e+01
1.437629484199784979e+00 8.196291457263252767e+01
1.452762426138730190e+00 8.123034964596268992e+01
1.467895368077675400e+00 8.050311168115111116e+01
1.483028310016620388e+00 7.978124284718187198e+01
1.498161251955565598e+00 7.906478209304381721e+01
1.513294193894510586e+00 7.835376533371544383e+01
1.528427135833455797e+00 7.764822562723259125e+01
1.543560077772400785e+00 7.694819334287915069e+01
1.558693019711345995e+00 7.625369632056958835e+01
1.573825961650290983e+00 7.556476002152419369e+01
1.588958903589236193e+00 7.488140767036298939e+01
1.604091845528181182e+00 7.420366038876910864e+01
1.619224787467126392e+00 7.353153732089357675e+01
1.634357729406071380e+00 7.286505575069364227e+01
1.649490671345016590e+00 7.220423121141253375e+01
1.664623613283961578e+00 7.154907758742447754e+01
1.679756555222906789e+00 7.089960720868107558e+01
1.694889497161851999e+00 7.025583093800592849e+01
1.710022439100796987e+00 6.961775825149378250e+01
1.725155381039742197e+00 6.898539731227721461e+01
1.740288322978687185e+00 6.835875503793033658e+01
1.755421264917632396e+00 6.773783716178218128e+01
1.770554206856577384e+00 6.712264828841639996e+01
1.785687148795522594e+00 6.651319194363442477e+01
1.800820090734467582e+00 6.590947061916055816e+01
1.815953032673412793e+00 6.531148581236570294e+01
1.831085974612357781e+00 6.471923806128610579e+01
1.846218916551302991e+00 6.413272697520991983e+01
1.861351858490247979e+00 6.355195126110118053e+01
1.876484800429193189e+00 6.297690874612771239e+01
1.891617742368138178e+00 6.240759639655367152e+01
1.906750684307083388e+00 6.184401033325277552e+01
1.921883626246028376e+00 6.128614584409289989e+01
1.937016568184973586e+00 6.073399739343574311e+01
1.952149510123918796e+00 6.018755862899001130e+01
1.967282452062863785e+00 5.964682238624857291e+01
1.982415394001808995e+00 5.911178069073377372e+01
1.997548335940753983e+00 5.858242475826792628e+01
2.012681277879698971e+00 5.805874499347785189e+01
2.027814219818644403e+00 5.754073098673572417e+01
2.042947161757589392e+00 5.702837150973022773e+01
2.058080103696534380e+00 5.652165450985436479e+01
2.073213045635479368e+00 5.602056710358884573e+01
2.088345987574424800e+00 5.552509556905206267e+01
2.103478929513369788e+00 5.503522533787960924e+01
2.118611871452314777e+00 5.455094098658904045e+01
2.133744813391259765e+00 5.407222622757768704e+01
2.148877755330205197e+00 5.359906389989344433e+01
2.164010697269150185e+00 5.313143595991164148e+01
2.179143639208095173e+00 5.266932347204272702e+01
2.194276581147040606e+00 5.221270659958857152e+01
2.209409523085985594e+00 5.176156459585848069e+01
2.224542465024930582e+00 5.131587579564753554e+01
2.239675406963875570e+00 5.087561760717428427e+01
2.254808348902821002e+00 5.044076650456689492e+01
2.269941290841765991e+00 5.001129802098073895e+01
2.285074232780710979e+00 4.958718674242349778e+01
2.300207174719655967e+00 4.916840630235718379e+01
2.315340116658601399e+00 4.875492937714088981e+01
2.330473058597546387e+00 4.834672768237127372e+01
2.345606000536491376e+00 4.794377197017183079e+01
2.360738942475436364e+00 4.754603202747677670e+01
2.375871884414381796e+00 4.715347667534867782e+01
2.391004826353326784e+00 4.676607376936486560e+01
2.406137768292271772e+00 4.638379020110090067e+01
2.421270710231216761e+00 4.600659190073523774e+01
2.436403652170162193e+00 4.563444384079392790e+01
2.451536594109107181e+00 4.526731004104957634e+01
2.466669536048052169e+00 4.490515357458377821e+01
2.481802477986997602e+00 4.454793657501837600e+01
2.496935419925942590e+00 4.419562024491659713e+01
2.512068361864887578e+00 4.384816486535056157e+01
2.527201303803832566e+00 4.350552980662860847e+01
2.542334245742777998e+00 4.316767354017184033e+01
2.557467187681722987e+00 4.283455365152558159e+01
2.572600129620667975e+00 4.250612685448881933e+01
2.587733071559612963e+00 4.218234900634117679e+01
2.602866013498558395e+00 4.186317512414423447e+01
2.617998955437503383e+00 4.154855940209125720e+01
2.633131897376448372e+00 4.123845522987707568e+01
2.648264839315393360e+00 4.093281521205732076e+01
2.663397781254338792e+00 4.063159118836428974e+01
2.678530723193283780e+00 4.033473425494467790e+01
2.693663665132228768e+00 4.004219478648266062e+01
2.708796607071174201e+00 3.975392245917013412e+01
2.723929549010119189e+00 3.946986627448480078e+01
2.739062490949064177e+00 3.918997458373517873e+01
2.754195432888009165e+00 3.891419511333067049e+01
2.769328374826954597e+00 3.864247499073407965e+01
2.784461316765899586e+00 3.837476077105297634e+01
2.799594258704844574e+00 3.811099846422555260e+01
2.814727200643789562e+00 3.785113356275670782e+01
2.829860142582734994e+00 3.759511106995923768e+01
2.844993084521679982e+00 3.734287552865476556e+01
2.860126026460624971e+00 3.709437105028954562e+01
2.875258968399569959e+00 3.684954134441990448e+01
2.890391910338515391e+00 3.660832974852190347e+01
2.905524852277460379e+00 3.637067925808117508e+01
2.920657794216405367e+00 3.613653255691810529e+01
2.935790736155350800e+00 3.590583204770462089e+01
2.950923678094295788e+00 3.567851988262938079e+01
2.966056620033240776e+00 3.545453799416883811e+01
2.981189561972185764e+00 3.523382812592198121e+01
2.996322503911131196e+00 3.501633186346813176e+01
3.011455445850076185e+00 3.480199066520728479e+01
3.026588387789021173e+00 3.459074589314393222e+01
3.041721329727966161e+00 3.438253884357612833e+01
3.056854271666911593e+00 3.417731077765269987e+01
3.071987213605856581e+00 3.397500295176223517e+01
3.087120155544801570e+00 3.377555664771949040e+01
3.102253097483746558e+00 3.357891320271486535e+01
3.117386039422691990e+00 3.338501403899469722e+01
3.132518981361636978e+00 3.319380069324125770e+01
3.147651923300581966e+00 3.300521484562172247e+01
3.162784865239527399e+00 3.281919834847816730e+01
3.177917807178472387e+00 3.263569325463025450e+01
3.193050749117417375e+00 3.245464184526497320e+01
3.208183691056362363e+00 3.227598665738810269e+01
3.223316632995307796e+00 3.209967051081387268e+01
3.238449574934252784e+00 3.192563653467047757e+01
3.253582516873197772e+00 3.175382819340010343e+01
3.268715458812142760e+00 3.158418931223392434e+01
3.283848400751088192e+00 3.141666410212332394e+01
3.298981342690033181e+00 3.125119718411001202e+01
3.314114284628978169e+00 3.108773361311880734e+01
3.329247226567923157e+00 3.092621890115852068e+01
3.344380168506868589e+00 3.076659903991679812e+01
3.359513110445813577e+00 3.060882052273662879e+01
3.374646052384758566e+00 3.045283036596303461e+01
3.389778994323703998e+00 3.029857612964962144e+01
3.404911936262648986e+00 3.014600593761572966e+01
3.420044878201593974e+00 2.999506849684605569e+01
3.435177820140538962e+00 2.984571311622582357e+01
3.450310762079484395e+00 2.969788972460486320e+01
3.465443704018429383e+00 2.955154888818613657e+01
3.480576645957374371e+00 2.940664182723385167e+01
3.495709587896319359e+00 2.926312043209831870e+01
3.510842529835264791e+00 2.912093727855492986e+01
3.525975471774209780e+00 2.898004564245579218e+01
3.541108413713154768e+00 2.884039951369312860e+01
3.556241355652099756e+00 2.870195360947467123e+01
3.571374297591045188e+00 2.856466338691175721e+01
3.586507239529990176e+00 2.842848505492167632e+01
3.601640181468935165e+00 2.829337558544640530e+01
3.616773123407880153e+00 2.815929272399092298e+01
3.631906065346825585e+00 2.802619499948418635e+01
3.647039007285770573e+00 2.789404173346739668e+01
3.662171949224715561e+00 2.776279304861385100e+01
3.677304891163660994e+00 2.763240987658605619e+01
3.692437833102605982e+00 2.750285396523554837e+01
3.707570775041550970e+00 2.737408788515204705e+01
3.722703716980495958e+00 2.724607503556840271e+01
3.737836658919441390e+00 2.711877964962899412e+01
3.752969600858386379e+00 2.699216679902866645e+01
3.768102542797331367e+00 2.686620239803086463e+01
3.783235484736276355e+00 2.674085320687288458e+01
3.798368426675221787e+00 2.661608683456735847e+01
3.813501368614166775e+00 2.649187174110892684e+01
3.828634310553111764e+00 2.636817723909559774e+01
3.843767252492056752e+00 2.624497349477438846e+01
3.858900194431002184e+00 2.612223152852138952e+01
3.874033136369947172e+00 2.599992321476652180e+01
3.889166078308892160e+00 2.587802128137304081e+01
3.904299020247837593e+00 2.575649930848304692e+01
3.919431962186782581e+00 2.563533172683954575e+01
3.934564904125727569e+00 2.551449381559607588e+01
3.949697846064672557e+00 2.539396169962525107e+01
3.964830788003617990e+00 2.527371234633757879e+01
3.979963729942562978e+00 2.515372356202208692e+01
3.995096671881507966e+00 2.503397398772006710e+01
4.010229613820452954e+00 2.491444309464418438e+01
4.025362555759397942e+00 2.479511117915426510e+01
4.040495497698342930e+00 2.467595935730200551e+01
4.055628439637288807e+00 2.455696955895629685e+01
4.070761381576233795e+00 2.443812452152140224e+01
4.085894323515178783e+00 2.431940778325978769e+01
4.101027265454123771e+00 2.420080367623203088e+01
4.116160207393068760e+00 2.408229731886548208e+01
4.131293149332013748e+00 2.396387460816414006e+01
4.146426091270958736e+00 2.384552221157175467e+01
4.161559033209904612e+00 2.372722755850008980e+01
4.176691975148849600e+00 2.360897883153473487e+01
4.191824917087794589e+00 2.349076495733027059e+01
4.206957859026739577e+00 2.337257559720684341e+01
4.222090800965684565e+00 2.325440113746034854e+01
4.237223742904629553e+00 2.313623267939782835e+01
4.252356684843574541e+00 2.301806202911010857e+01
4.267489626782519530e+00 2.289988168699363413e+01
4.282622568721465406e+00 2.278168483703282732e+01
4.297755510660410394e+00 2.266346533585508638e+01
4.312888452599355382e+00 2.254521770156956606e+01
4.328021394538300370e+00 2.242693710240154203e+01
4.343154336477245359e+00 2.230861934513344025e+01
4.358287278416190347e+00 2.219026086336415204e+01
4.373420220355135335e+00 2.207185870559737850e+01
4.388553162294081211e+00 2.195341052317037978e+01
4.403686104233026199e+00 2.183491455803385861e+01
4.418819046171971188e+00 2.171636963039390622e+01
4.433951988110916176e+00 2.159777512622653717e+01
4.449084930049861164e+00 2.147913098467559578e+01
4.464217871988806152e+00 2.136043768534399945e+01
4.479350813927751140e+00 2.124169623548917585e+01
4.494483755866696129e+00 2.112290815713216219e+01
4.509616697805642005e+00 2.100407547409089304e+01
4.524749639744586993e+00 2.088520069894710574e+01
4.539882581683531981e+00 2.076628681995668302e+01
4.555015523622476969e+00 2.064733728791291867e+01
4.570148465561421958e+00 2.052835600297201424e+01
4.585281407500366946e+00 2.040934730144994091e+01
4.600414349439311934e+00 2.029031594259981475e+01
4.615547291378257810e+00 2.017126709537842189e+01
4.630680233317202799e+00 2.005220632521071877e+01
4.645813175256147787e+00 1.993313958076068104e+01
4.660946117195092775e+00 1.981407318071689616e+01
4.676079059134037763e+00 1.969501380060099649e+01
4.691212001072982751e+00 1.957596845960688370e+01
4.706344943011927739e+00 1.945694450747857474e+01
4.721477884950872728e+00 1.933794961143415847e+01
4.736610826889818604e+00 1.921899174314334857e+01
4.751743768828763592e+00 1.910007916576590148e+01
4.766876710767708580e+00 1.898122042105775620e+01
4.782009652706653569e+00 1.886242431655204044e+01
4.797142594645598557e+00 1.874369991282131309e+01
4.812275536584543545e+00 1.862505651082772573e+01
4.827408478523488533e+00 1.850650363936725640e+01
4.842541420462433521e+00 1.838805104261424361e+01
4.857674362401379398e+00 1.826970866777212876e+01
4.872807304340324386e+00 1.815148665283595264e+01
4.887940246279269374e+00 1.803339531447242194e+01
4.903073188218214362e+00 1.791544513602264743e+01
4.918206130157159350e+00 1.779764675563291476e+01
4.933339072096104339e+00 1.768001095451834814e+01
4.948472014035049327e+00 1.756254864536428784e+01
4.963604955973995203e+00 1.744527086087000711e+01
4.978737897912940191e+00 1.732818874243918827e+01
4.993870839851885179e+00 1.721131352902137479e+01
5.009003781790830168e+00 1.709465654610843899e+01
5.024136723729775156e+00 1.697822919489004789e+01
5.039269665668720144e+00 1.686204294157165151e+01
5.054402607607665132e+00 1.674610930685866705e+01
5.069535549546610120e+00 1.663043985561008498e+01
5.084668491485555997e+00 1.651504618666472979e+01
5.099801433424500985e+00 1.639993992284312085e+01
5.114934375363445973e+00 1.628513270112772560e+01
5.130067317302390961e+00 1.617063616302436913e+01
5.145200259241335949e+00 1.605646194510708469e+01
5.160333201180280938e+00 1.594262166974890427e+01
5.175466143119225926e+00 1.582912693604055754e+01
5.190599085058171802e+00 1.571598931089921081e+01
5.205732026997116790e+00 1.560322032036894768e+01
5.220864968936061778e+00 1.549083144111471277e+01
5.235997910875006767e+00 1.537883409211118213e+01
5.251130852813951755e+00 1.526723962652796196e+01
5.266263794752896743e+00 1.515605932381223120e+01
5.281396736691841731e+00 1.504530438196997899e+01
5.296529678630786719e+00 1.493498591004660270e+01
5.311662620569732596e+00 1.482511492080777948e+01
5.326795562508677584e+00 1.471570232362108221e+01
5.341928504447622572e+00 1.460675891753890099e+01
5.357061446386567560e+00 1.449829538458294920e+01
5.372194388325512548e+00 1.439032228323068630e+01
5.387327330264457537e+00 1.428285004210352049e+01
5.402460272203402525e+00 1.417588895385691750e+01
5.417593214142348401e+00 1.406944916927217903e+01
5.432726156081293389e+00 1.396354069154955724e+01
5.447859098020238378e+00 1.385817337080229983e+01
5.462992039959183366e+00 1.375335689875114298e+01
5.478124981898128354e+00 1.364910080361851286e+01
5.493257923837073342e+00 1.354541444522170224e+01
5.508390865776018330e+00 1.344230701026422281e+01
5.523523807714963318e+00 1.333978750782420164e+01
5.538656749653909195e+00 1.323786476503894605e+01
5.553789691592854183e+00 1.313654742298428246e+01
5.568922633531799171e+00 1.303584393274757502e+01
5.584055575470744159e+00 1.293576255169295841e+01
5.599188517409689148e+00 1.283631133991734075e+01
5.614321459348634136e+00 1.273749815689563825e+01
5.629454401287579124e+00 1.263933065831367308e+01
5.644587343226525000e+00 1.254181629308685331e+01
5.659720285165469988e+00 1.244496230056310360e+01
5.674853227104414977e+00 1.234877570790785306e+01
5.689986169043359965e+00 1.225326332766947601e+01
5.705119110982304953e+00 1.215843175552294042e+01
5.720252052921249941e+00 1.206428736818967806e+01
5.735384994860194929e+00 1.197083632153153410e+01
5.750517936799139918e+00 1.187808454881657561e+01
5.765650878738085794e+00 1.178603775915446050e+01
5.780783820677030782e+00 1.169470143609922452e+01
5.795916762615975770e+00 1.160408083641680399e+01
5.811049704554920758e+00 1.151418098901516451e+01
5.826182646493865747e+00 1.142500669403444391e+01
5.841315588432810735e+00 1.133656252209455140e+01
5.856448530371755723e+00 1.124885281369775569e+01
5.871581472310701599e+00 1.116188167878362059e+01
5.886714414249646588e+00 1.107565299643362700e+01
5.901847356188591576e+00 1.099017041472283474e+01
5.916980298127536564e+00 1.090543735071591946e+01
5.932113240066481552e+00 1.082145699060480126e+01
5.947246182005426540e+00 1.073823228998503865e+01
5.962379123944371528e+00 1.065576597426837857e+01
5.977512065883316517e+00 1.057406053922848699e+01
5.992645007822262393e+00 1.049311825167709600e+01
6.007777949761207381e+00 1.041294115026770584e+01
6.022910891700152369e+00 1.033353104642395337e+01
6.038043833639097357e+00 1.025488952538982090e+01
6.053176775578042346e+00 1.017701794739873655e+01
6.068309717516987334e+00 1.009991744895866361e+01
6.083442659455932322e+00 1.002358894425031188e+01
6.098575601394878198e+00 9.948033126635454693e+00
6.113708543333823187e+00 9.873250470272580515e+00
6.128841485272768175e+00 9.799241231836786525e+00
6.143974427211713163e+00 9.726005452341086155e+00
6.159107369150658151e+00 9.653542959056172990e+00
6.174240311089603139e+00 9.581853367525736687e+00
6.189373253028548127e+00 9.510936083674383923e+00
6.204506194967493116e+00 9.440790306005236943e+00
6.219639136906438992e+00 9.371415027884372861e+00
6.234772078845383980e+00 9.302809039909133659e+00
6.249905020784328968e+00 9.234970932357441598e+00
6.265037962723273957e+00 9.167899097715265455e+00
6.280170904662218945e+00 9.101591733279366991e+00
6.295303846601163933e+00 9.036046843832423292e+00
6.310436788540108921e+00 8.971262244387871121e+00
6.325569730479054797e+00 8.907235563001368206e+00
6.340702672417999786e+00 8.843964243646411205e+00
6.355835614356944774e+00 8.781445549151031926e+00
6.370968556295889762e+00 8.719676564193099111e+00
6.386101498234834750e+00 8.658654198351218412e+00
6.401234440173779738e+00 8.598375189208782743e+00
6.416367382112724727e+00 8.538836105508265106e+00
6.431500324051669715e+00 8.480033350353277655e+00
6.446633265990615591e+00 8.421963164455668505e+00
6.461766207929560579e+00 8.364621629425046834e+00
6.476899149868505567e+00 8.308004671098201399e+00
6.492032091807450556e+00 8.252108062905852748e+00
6.507165033746395544e+00 8.196927429274232679e+00
6.522297975685340532e+00 8.142458249058931230e+00
6.537430917624285520e+00 8.088695859008694811e+00
6.552563859563231397e+00 8.035635457256590897e+00
6.567696801502176385e+00 7.983272106836283299e+00
6.582829743441121373e+00 7.931600739220952434e+00
6.597962685380066361e+00 7.880616157882617934e+00
6.613095627319011349e+00 7.830313041869502833e+00
6.628228569257956337e+00 7.780685949399263279e+00
6.643361511196901326e+00 7.731729321465750537e+00
6.658494453135846314e+00 7.683437485457244698e+00
6.673627395074792190e+00 7.635804658783884591e+00
6.688760337013737178e+00 7.588824952512300825e+00
6.703893278952682167e+00 7.542492375005256378e+00
6.719026220891627155e+00 7.496800835564375376e+00
6.734159162830572143e+00 7.451744148073817797e+00
6.749292104769517131e+00 7.407316034643066871e+00
6.764425046708462119e+00 7.363510129246821911e+00
6.779557988647407996e+00 7.320319981360099426e+00
6.794690930586352984e+00 7.277739059586771475e+00
6.809823872525297972e+00 7.235760755279612155e+00
6.824956814464242960e+00 7.194378386150150462e+00
6.840089756403187948e+00 7.153585199866613564e+00
6.855222698342132936e+00 7.113374377638151280e+00
6.870355640281077925e+00 7.073739037783807859e+00
6.885488582220022913e+00 7.034672239284551765e+00
6.900621524158968789e+00 6.996166985316752296e+00
6.915754466097913777e+00 6.958216226765657986e+00
6.930887408036858766e+00 6.920812865717253182e+00
6.946020349975803754e+00 6.883949758927102813e+00
6.961153291914748742e+00 6.847619721264726955e+00
6.976286233853693730e+00 6.811815529132139169e+00
6.991419175792638718e+00 6.776529923855141746e+00
7.006552117731583706e+00 6.741755615046118422e+00
7.021685059670529583e+00 6.707485283937024256e+00
7.036818001609474571e+00 6.673711586681341679e+00
7.051950943548419559e+00 6.640427157623773446e+00
7.067083885487364547e+00 6.607624612536567632e+00
7.082216827426309536e+00 6.575296551821283586e+00
7.097349769365254524e+00 6.543435563674944611e+00
7.112482711304199512e+00 6.512034227219539062e+00
7.127615653243145388e+00 6.481085115593818280e+00
7.142748595182090376e+00 6.450580799006426780e+00
7.157881537121035365e+00 6.420513847749446334e+00
7.173014479059980353e+00 6.390876835171397374e+00
7.188147420998925341e+00 6.361662340608883248e+00
7.203280362937870329e+00 6.332862952276010482e+00
7.218413304876815317e+00 6.304471270110762582e+00
7.233546246815760306e+00 6.276479908577630162e+00
7.248679188754706182e+00 6.248881499425685604e+00
7.263812130693651170e+00 6.221668694401476962e+00
7.278945072632596158e+00 6.194834167916005718e+00
7.294078014571541146e+00 6.168370619665262566e+00
7.309210956510486135e+00 6.142270777203578724e+00
7.324343898449431123e+00 6.116527398469385091e+00
7.339476840388376111e+00 6.091133274262729103e+00
7.354609782327321987e+00 6.066081230674115865e+00
7.369742724266266976e+00 6.041364131464181497e+00
7.384875666205211964e+00 6.016974880393773262e+00
7.400008608144156952e+00 5.992906423504006597e+00
7.415141550083101940e+00 5.969151751345973089e+00
7.430274492022046928e+00 5.945703901159713034e+00
7.445407433960991916e+00 5.922555959002130166e+00
7.460540375899936905e+00 5.899701061823633630e+00
7.475673317838882781e+00 5.877132399493157244e+00
7.490806259777827769e+00 5.854843216771405956e+00
7.505939201716772757e+00 5.832826815232075468e+00
7.521072143655717746e+00 5.811076555130912702e+00
7.536205085594662734e+00 5.789585857222448340e+00
7.551338027533607722e+00 5.768348204524320622e+00
7.566470969472552710e+00 5.747357144029014542e+00
7.581603911411498586e+00 5.726606288363088382e+00
7.596736853350443575e+00 5.706089317393701954e+00
7.611869795289388563e+00 5.685799979782545144e+00
7.627002737228333551e+00 5.665732094487119674e+00
7.642135679167278539e+00 5.645879552209435381e+00
7.657268621106223527e+00 5.626236316792155634e+00
7.672401563045168515e+00 5.606796426562311808e+00
7.687534504984113504e+00 5.587553995622648095e+00
7.702667446923059380e+00 5.568503215090780500e+00
7.717800388862004368e+00 5.549638354286257957e+00
7.732933330800949356e+00 5.530953761865766261e+00
7.748066272739894345e+00 5.512443866906600931e+00
7.763199214678839333e+00 5.494103179938691461e+00
7.778332156617784321e+00 5.475926293925343025e+00
7.793465098556729309e+00 5.457907885193035824e+00
7.808598040495675185e+00 5.440042714310465044e+00
7.823730982434620174e+00 5.422325626917197106e+00
7.838863924373565162e+00 5.404751554502186472e+00
7.853996866312510150e+00 5.387315515132566901e+00
7.869129808251455138e+00 5.370012614132968487e+00
7.884262750190400126e+00 5.352838044715807264e+00
7.899395692129345115e+00 5.335787088562909730e+00
7.914528634068290103e+00 5.318855116358844448e+00
7.929661576007235979e+00 5.302037588276420799e+00
7.944794517946180967e+00 5.285330054414751899e+00
7.959927459885125955e+00 5.268728155190360418e+00
7.975060401824070944e+00 5.252227621681758940e+00
7.990193343763015932e+00 5.235824275928016469e+00
8.005326285701961808e+00 5.219514031181779146e+00
8.020459227640905908e+00 5.203292892117255874e+00
8.035592169579851785e+00 5.187156954993674240e+00
8.050725111518795885e+00 5.171102407774790244e+00
8.065858053457741761e+00 5.155125530204917261e+00
8.080990995396685861e+00 5.139222693842097733e+00
8.096123937335631737e+00 5.123390362048936275e+00
8.111256879274577614e+00 5.107625089941718599e+00
8.126389821213521714e+00 5.091923524298364256e+00
8.141522763152467590e+00 5.076282403425809164e+00
8.156655705091411690e+00 5.060698556987508923e+00
8.171788647030357566e+00 5.045168905791556746e+00
8.186921588969301666e+00 5.029690461540134550e+00
8.202054530908247543e+00 5.014260326540915358e+00
8.217187472847193419e+00 4.998875693381028995e+00
8.232320414786137519e+00 4.983533844564303372e+00
8.247453356725083395e+00 4.968232152112365796e+00
8.262586298664027495e+00 4.952968077130361024e+00
8.277719240602973372e+00 4.937739169337872269e+00
8.292852182541917472e+00 4.922543066565797432e+00
8.307985124480863348e+00 4.907377494219827163e+00
8.323118066419809224e+00 4.892240264711221975e+00
8.338251008358753325e+00 4.877129276855611373e+00
8.353383950297699201e+00 4.862042515240489138e+00
8.368516892236643301e+00 4.846978049562121527e+00
8.383649834175589177e+00 4.831934033932597572e+00
8.398782776114533277e+00 4.816908706157697395e+00
8.413915718053479154e+00 4.801900386986353908e+00
8.429048659992423254e+00 4.786907479332386472e+00
8.444181601931369130e+00 4.771928467469215285e+00
8.459314543870315006e+00 4.756961916198386930e+00
8.474447485809259106e+00 4.742006469992497308e+00
8.489580427748204983e+00 4.727060852113332601e+00
8.504713369687149083e+00 4.712123863705985904e+00
8.519846311626094959e+00 4.697194382869585461e+00
8.534979253565039059e+00 4.682271363705464040e+00
8.550112195503984935e+00 4.667353835343448942e+00
8.565245137442930812e+00 4.652440900947034663e+00
8.580378079381874912e+00 4.637531736698180751e+00
8.595511021320820788e+00 4.622625590762419634e+00
8.610643963259764888e+00 4.607721782235087105e+00
8.625776905198710764e+00 4.592819700069345146e+00
8.640909847137654864e+00 4.577918801986768038e+00
8.656042789076600741e+00 4.563018613371174759e+00
8.671175731015546617e+00 4.548118726146522128e+00
8.686308672954490717e+00 4.533218797639488429e+00
8.701441614893436594e+00 4.518318549427530861e+00
8.716574556832380694e+00 4.503417766173127390e+00
8.731707498771326570e+00 4.488516294444911736e+00
8.746840440710270670e+00 4.473614041526441376e+00
8.761973382649216546e+00 4.458710974213251355e+00
8.777106324588162423e+00 4.443807117598988832e+00
8.792239266527106523e+00 4.428902553851262525e+00
8.807372208466052399e+00 4.413997420977919361e+00
8.822505150404996499e+00 4.399091911584502412e+00
8.837638092343942375e+00 4.384186271623458531e+00
8.852771034282886475e+00 4.369280799135940363e+00
8.867903976221832352e+00 4.354375842986716982e+00
8.883036918160776452e+00 4.339471801593027145e+00
8.898169860099722328e+00 4.324569121647898307e+00
8.913302802038668204e+00 4.309668296838712997e+00
8.928435743977612304e+00 4.294769866561606086e+00
8.943568685916558181e+00 4.279874414632370616e+00
8.958701627855502281e+00 4.264982567994529461e+00
8.973834569794448157e+00 4.250094995425170552e+00
8.988967511733392257e+00 4.235212406239230454e+00
9.004100453672338134e+00 4.220335548992799168e+00
9.019233395611284010e+00 4.205465210186100755e+00
9.034366337550228110e+00 4.190602212966734186e+00
9.049499279489173986e+00 4.175747415833797938e+00
9.064632221428118086e+00 4.160901711343466758e+00
9.079765163367063963e+00 4.146066024816631668e+00
9.094898105306008063e+00 4.131241313049176078e+00
9.110031047244953939e+00 4.116428563025434251e+00
9.125163989183899815e+00 4.101628790635433397e+00
9.140296931122843915e+00 4.086843039396440780e+00
9.155429873061789792e+00 4.072072379179365598e+00
9.170562815000733892e+00 4.057317904940577868e+00
9.185695756939679768e+00 4.042580735459632812e+00
9.200828698878623868e+00 4.027862012083450516e+00
9.215961640817569744e+00 4.013162897477426938e+00
9.231094582756515621e+00 3.998484574384024715e+00
9.246227524695459721e+00 3.983828244389278961e+00
9.261360466634405597e+00 3.969195126697733667e+00
9.276493408573349697e+00 3.954586456916284298e+00
9.291626350512295573e+00 3.940003485847357823e+00
9.306759292451239673e+00 3.925447478291910652e+00
9.321892234390185550e+00 3.910919711862669956e+00
9.337025176329129650e+00 3.896421475808078405e+00
9.352158118268075526e+00 3.881954069847307842e+00
9.367291060207021403e+00 3.867518803016830820e+00
9.382424002145965503e+00 3.853116992528888396e+00
9.397556944084911379e+00 3.838749962642272529e+00
9.412689886023855479e+00 3.824419043545826735e+00
9.427822827962801355e+00 3.810125570254977667e+00
9.442955769901745455e+00 3.795870881521741236e+00
9.458088711840691332e+00 3.781656318758463087e+00
9.473221653779637208e+00 3.767483224975728628e+00
9.488354595718581308e+00 3.753352943734693525e+00
9.503487537657527184e+00 3.739266818114193480e+00
9.518620479596471284e+00 3.725226189692965484e+00
9.533753421535417161e+00 3.711232397547211015e+00
9.548886363474361261e+00 3.697286777263873780e+00
9.564019305413307137e+00 3.683390659969837166e+00
9.579152247352253013e+00 3.669545371377365583e+00
9.594285189291197113e+00 3.655752230846016637e+00
9.609418131230142990e+00 3.642012550461267928e+00
9.624551073169087090e+00 3.628327634130132040e+00
9.639684015108032966e+00 3.614698776693937354e+00
9.654816957046977066e+00 3.601127263058530925e+00
9.669949898985922943e+00 3.587614367342078836e+00
9.685082840924867043e+00 3.574161352040694073e+00
9.700215782863812919e+00 3.560769467212034023e+00
9.715348724802758795e+00 3.547439949677083426e+00
9.730481666741702895e+00 3.534174022240255564e+00
9.745614608680648772e+00 3.520972892927987097e+00
9.760747550619592872e+00 3.507837754245962891e+00
9.775880492558538748e+00 3.494769782455095175e+00
9.791013434497482848e+00 3.481770136866408905e+00
9.806146376436428724e+00 3.468839959154904395e+00
9.821279318375374601e+00 3.455980372692547764e+00
9.836412260314318701e+00 3.443192481900446023e+00
9.851545202253264577e+00 3.430477371620305860e+00
9.866678144192208677e+00 3.417836106505264926e+00
9.881811086131154553e+00 3.405269730430120489e+00
9.896944028070098653e+00 3.392779265921056719e+00
9.912076970009044530e+00 3.380365713604879030e+00
9.927209911947990406e+00 3.368030051677816772e+00
9.942342853886934506e+00 3.355773235393903597e+00
9.957475795825880382e+00 3.343596196572956369e+00
9.972608737764824482e+00 3.331499843128177485e+00
9.987741679703770359e+00 3.319485058613340200e+00
1.000287462164271446e+01 3.307552701789602700e+00
1.001800756358166034e+01 3.295703606211865200e+00
1.003314050552060621e+01 3.283938579834713156e+00
1.004827344745955031e+01 3.272258404637844453e+00
1.006340638939849619e+01 3.260663836270974336e+00
1.007853933133744029e+01 3.249155603718163920e+00
1.009367227327638616e+01 3.237734408981478573e+00
1.010880521521533026e+01 3.226400926783952183e+00
1.012393815715427614e+01 3.215155804291723651e+00
1.013907109909322024e+01 3.203999660855318954e+00
1.015420404103216612e+01 3.192933087769919354e+00
1.016933698297111199e+01 3.181956648054578007e+00
1.018446992491005609e+01 3.171070876250223769e+00
1.019960286684900197e+01 3.160276278236349157e+00
1.021473580878794607e+01 3.149573331066275905e+00
1.022986875072689195e+01 3.138962482820836453e+00
1.024500169266583605e+01 3.128444152480358120e+00
1.026013463460478192e+01 3.118018729814768797e+00
1.027526757654372780e+01 3.107686575291713105e+00
1.029040051848267190e+01 3.097448020002484981e+00
1.030553346042161778e+01 3.087303365605609251e+00
1.032066640236056188e+01 3.077252884287933199e+00
1.033579934429950775e+01 3.067296818742996756e+00
1.035093228623845185e+01 3.057435382166548088e+00
1.036606522817739773e+01 3.047668758268954559e+00
1.038119817011634360e+01 3.037997101304368286e+00
1.039633111205528770e+01 3.028420536116398054e+00
1.041146405399423358e+01 3.018939158200093065e+00
1.042659699593317768e+01 3.009553033780039133e+00
1.044172993787212356e+01 3.000262199904303984e+00
1.045686287981106766e+01 2.991066664554058896e+00
1.047199582175001353e+01 2.981966406768603584e+00
1.048712876368895941e+01 2.972961376785573151e+00
1.050226170562790351e+01 2.964051496196092650e+00
1.051739464756684939e+01 2.955236658114616777e+00
1.053252758950579349e+01 2.946516727363233112e+00
1.054766053144473936e+01 2.937891540670134916e+00
1.056279347338368346e+01 2.929360906882041871e+00
1.057792641532262934e+01 2.920924607190282352e+00
1.059305935726157344e+01 2.912582395370291177e+00
1.060819229920051932e+01 2.904333998034230202e+00
1.062332524113946519e+01 2.896179114896470175e+00
1.063845818307840929e+01 2.888117419051671408e+00
1.065359112501735517e+01 2.880148557265147957e+00
1.066872406695629927e+01 2.872272150275271496e+00
1.068385700889524514e+01 2.864487793107591607e+00
1.069898995083418924e+01 2.856795055400429550e+00
1.071412289277313512e+01 2.849193481741592926e+00
1.072925583471208100e+01 2.841682592015987385e+00
1.074438877665102510e+01 2.834261881763765256e+00
1.075952171858997097e+01 2.826930822548758382e+00
1.077465466052891507e+01 2.819688862336877211e+00
1.078978760246786095e+01 2.812535425884166607e+00
1.080492054440680505e+01 2.805469915134235492e+00
1.082005348634575093e+01 2.798491709624737034e+00
1.083518642828469680e+01 2.791600166902601377e+00
1.085031937022364090e+01 2.784794622947715403e+00
1.086545231216258678e+01 2.778074392604726661e+00
1.088058525410153088e+01 2.771438770022692566e+00
1.089571819604047676e+01 2.764887029102223615e+00
1.091085113797942086e+01 2.758418423949843490e+00
1.092598407991836673e+01 2.752032189339240098e+00
1.094111702185731261e+01 2.745727541179096676e+00
1.095624996379625671e+01 2.739503676987197434e+00
1.097138290573520258e+01 2.733359776370476890e+00
1.098651584767414668e+01 2.727295001510742445e+00
1.100164878961309256e+01 2.721308497655702041e+00
1.101678173155203666e+01 2.715399393615039347e+00
1.103191467349098254e+01 2.709566802261186957e+00
1.104704761542992664e+01 2.703809821034517391e+00
1.106218055736887251e+01 2.698127532452612609e+00
1.107731349930781839e+01 2.692519004623346035e+00
1.109244644124676249e+01 2.686983291761409820e+00
1.110757938318570837e+01 2.681519434708056426e+00
1.112271232512465247e+01 2.676126461453680161e+00
1.113784526706359834e+01 2.670803387662977091e+00
1.115297820900254244e+01 2.665549217202383137e+00
1.116811115094148832e+01 2.660362942669460384e+00
1.118324409288043420e+01 2.655243545923966941e+00
1.119837703481937830e+01 2.650189998620295029e+00
1.121350997675832417e+01 2.645201262740996206e+00
1.122864291869726827e+01 2.640276291131089081e+00
1.124377586063621415e+01 2.635414028032872391e+00
1.125890880257515825e+01 2.630613409620960130e+00
1.127404174451410412e+01 2.625873364537227417e+00
1.128917468645305000e+01 2.621192814425431283e+00
1.130430762839199410e+01 2.616570674465186652e+00
1.131944057033093998e+01 2.612005853905045694e+00
1.133457351226988408e+01 2.607497256594396351e+00
1.134970645420882995e+01 2.603043781513925126e+00
1.136483939614777405e+01 2.598644323304355908e+00
1.137997233808671993e+01 2.594297772793225487e+00
1.139510528002566581e+01 2.590003017519425299e+00
1.141023822196460991e+01 2.585758942255245163e+00
1.142537116390355578e+01 2.581564429525687654e+00
1.144050410584249988e+01 2.577418360124784869e+00
1.145563704778144576e+01 2.573319613628685776e+00
1.147076998972038986e+01 2.569267068905266793e+00
1.148590293165933574e+01 2.565259604620028000e+00
1.150103587359827984e+01 2.561296099738054277e+00
1.151616881553722571e+01 2.557375434021782024e+00
1.153130175747617159e+01 2.553496488524399144e+00
1.154643469941511569e+01 2.549658146078594534e+00
1.156156764135406156e+01 2.545859291780492306e+00
1.157670058329300566e+01 2.542098813468539831e+00
1.159183352523195154e+01 2.538375602197125769e+00
1.160696646717089564e+01 2.534688552704768227e+00
1.162209940910984152e+01 2.531036563876624790e+00
1.163723235104878739e+01 2.527418539201167658e+00
1.165236529298773149e+01 2.523833387220820956e+00
1.166749823492667737e+01 2.520280021976376350e+00
1.168263117686562147e+01 2.516757363445009776e+00
1.169776411880456735e+01 2.513264337971719886e+00
1.171289706074351145e+01 2.509799878694040753e+00
1.172803000268245732e+01 2.506362925959813914e+00
1.174316294462140320e+01 2.502952427737932695e+00
1.175829588656034730e+01 2.499567340021832340e+00
1.177342882849929318e+01 2.496206627225626473e+00
1.178856177043823728e+01 2.492869262572721567e+00
1.180369471237718315e+01 2.489554228476778874e+00
1.181882765431612725e+01 2.486260516914883478e+00
1.183396059625507313e+01 2.482987129792798786e+00
1.184909353819401723e+01 2.479733079302179455e+00
1.186422648013296310e+01 2.476497388269614852e+00
1.187935942207190898e+01 2.473279090497414678e+00
1.189449236401085308e+01 2.470077231095996861e+00
1.190962530594979896e+01 2.466890866807792460e+00
1.192475824788874306e+01 2.463719066322579199e+00
1.193989118982768893e+01 2.460560910584123739e+00
1.195502413176663303e+01 2.457415493088073610e+00
1.197015707370557891e+01 2.454281920170997999e+00
1.198529001564452479e+01 2.451159311290505460e+00
1.200042295758346889e+01 2.448046799296380360e+00
1.201555589952241476e+01 2.444943530692642586e+00
1.203068884146135886e+01 2.441848665890507863e+00
1.204582178340030474e+01 2.438761379452151434e+00
1.206095472533924884e+01 2.435680860325265318e+00
1.207608766727819471e+01 2.432606312068333665e+00
1.209122060921714059e+01 2.429536953066594673e+00
1.210635355115608469e+01 2.426472016738664639e+00
1.212148649309503057e+01 2.423410751733784174e+00
1.213661943503397467e+01 2.420352422119655511e+00
1.215175237697292054e+01 2.417296307560870439e+00
1.216688531891186464e+01 2.414241703487900459e+00
1.218201826085081052e+01 2.411187921256633615e+00
1.219715120278975640e+01 2.408134288298482861e+00
1.221228414472870050e+01 2.405080148261018014e+00
1.222741708666764637e+01 2.402024861139183454e+00
1.224255002860659047e+01 2.398967803397064724e+00
1.225768297054553635e+01 2.395908368080241768e+00
1.227281591248448045e+01 2.392845964918746571e+00
1.228794885442342633e+01 2.389780020420648299e+00
1.230308179636237043e+01 2.386709977956285478e+00
1.231821473830131630e+01 2.383635297833204714e+00
1.233334768024026218e+01 2.380555457361809957e+00
1.234848062217920628e+01 2.377469950911793806e+00
1.236361356411815215e+01 2.374378289959383270e+00
1.237874650605709625e+01 2.371280003125462166e+00
1.239387944799604213e+01 2.368174636204607886e+00
1.240901238993498623e+01 2.365061752185127375e+00
1.242414533187393211e+01 2.361940931260145149e+00
1.243927827381287798e+01 2.358811770829799759e+00
1.245441121575182208e+01 2.355673885494648623e+00
1.246954415769076796e+01 2.352526907040335402e+00
1.248467709962971206e+01 2.349370484413610960e+00
1.249981004156865794e+01 2.346204283689788284e+00
1.251494298350760204e+01 2.343027988031731734e+00
1.253007592544654791e+01 2.339841297640453011e+00
1.254520886738549379e+01 2.336643929697425737e+00
1.256034180932443789e+01 2.333435618298713266e+00
1.257547475126338377e+01 2.330216114381008730e+00
1.259060769320232787e+01 2.326985185639705467e+00
1.260574063514127374e+01 2.323742616439092856e+00
1.262087357708021784e+01 2.320488207714796580e+00
1.263600651901916372e+01 2.317221776868587657e+00
1.265113946095810959e+01 2.313943157655667715e+00
1.266627240289705369e+01 2.310652200064556627e+00
1.268140534483599957e+01 2.307348770189711740e+00
1.269653828677494367e+01 2.304032750097000370e+00
1.271167122871388955e+01 2.300704037682162806e+00
1.272680417065283365e+01 2.297362546522391469e+00
1.274193711259177952e+01 2.294008205721174587e+00
1.275707005453072362e+01 2.290640959746521599e+00
1.277220299646966950e+01 2.287260768262742161e+00
1.278733593840861538e+01 2.283867605955886670e+00
1.280246888034755948e+01 2.280461462353022828e+00
1.281760182228650535e+01 2.277042341635477030e+00
1.283273476422544945e+01 2.273610262446203123e+00
1.284786770616439533e+01 2.270165257691413530e+00
1.286300064810333943e+01 2.266707374336647263e+00
1.287813359004228531e+01 2.263236673197410731e+00
1.289326653198123118e+01 2.259753228724556084e+00
1.290839947392017528e+01 2.256257128784552979e+00
1.292353241585912116e+01 2.252748474434818959e+00
1.293866535779806526e+01 2.249227379694261675e+00
1.295379829973701113e+01 2.245693971309197234e+00
1.296893124167595523e+01 2.242148388514807245e+00
1.298406418361490111e+01 2.238590782792303280e+00
1.299919712555384699e+01 2.235021317621958659e+00
1.301433006749279109e+01 2.231440168232177612e+00
1.302946300943173696e+01 2.227847521344759052e+00
1.304459595137068106e+01 2.224243574916544564e+00
1.305972889330962694e+01 2.220628537877585629e+00
1.307486183524857104e+01 2.217002629866037022e+00
1.308999477718751692e+01 2.213366080959901616e+00
1.310512771912646279e+01 2.209719131405846415e+00
1.312026066106540689e+01 2.206062031345213281e+00
1.313539360300435277e+01 2.202395040537420190e+00
1.315052654494329687e+01 2.198718428080912446e+00
1.316565948688224275e+01 2.195032472131842827e+00
1.318079242882118685e+01 2.191337459620642747e+00
1.319592537076013272e+01 2.187633685966640762e+00
1.321105831269907682e+01 2.183921454790941574e+00
1.322619125463802270e+01 2.180201077627669459e+00
1.324132419657696857e+01 2.176472873633805261e+00
1.325645713851591267e+01 2.172737169297739968e+00
1.327159008045485855e+01 2.168994298146740274e+00
1.328672302239380265e+01 2.165244600453476664e+00
1.330185596433274853e+01 2.161488422941783227e+00
1.331698890627169263e+01 2.157726118491813061e+00
1.333212184821063850e+01 2.153958045844754476e+00
1.334725479014958438e+01 2.150184569307269644e+00
1.336238773208852848e+01 2.146406058455815113e+00
1.337752067402747436e+01 2.142622887840997858e+00
1.339265361596641846e+01 2.138835436692141823e+00
1.340778655790536433e+01 2.135044088622210179e+00
1.342291949984430843e+01 2.131249231333231187e+00
1.343805244178325431e+01 2.127451256322403061e+00
1.345318538372220019e+01 2.123650558589011528e+00
1.346831832566114429e+01 2.119847536342319039e+00
1.348345126760009016e+01 2.116042590710573545e+00
1.349858420953903426e+01 2.112236125451285584e+00
1.351371715147798014e+01 2.108428546662909131e+00
1.352885009341692424e+01 2.104620262498091421e+00
1.354398303535587011e+01 2.100811682878602316e+00
1.355911597729481599e+01 2.097003219212117298e+00
1.357424891923376009e+01 2.093195284110956234e+00
1.358938186117270597e+01 2.089388291112943108e+00
1.360451480311165007e+01 2.085582654404500413e+00
1.361964774505059594e+01 2.081778788546109649e+00
1.363478068698954004e+01 2.077977108200288914e+00
1.364991362892848592e+01 2.074178027862170648e+00
1.366504657086743002e+01 2.070381961592851816e+00
1.368017951280637590e+01 2.066589322755592484e+00
1.369531245474532177e+01 2.062800523755019100e+00
1.371044539668426587e+01 2.059015975779418195e+00
1.372557833862321175e+01 2.055236088546251505e+00
1.374071128056215585e+01 2.051461270051001318e+00
1.375584422250110173e+01 2.047691926319437528e+00
1.377097716444004583e+01 2.043928461163441401e+00
1.378611010637899170e+01 2.040171275940453111e+00
1.380124304831793758e+01 2.036420769316674484e+00
1.381637599025688168e+01 2.032677337034097587e+00
1.383150893219582755e+01 2.028941371681474148e+00
1.384664187413477165e+01 2.025213262469294229e+00
1.386177481607371753e+01 2.021493395008886029e+00
1.387690775801266163e+01 2.017782151095705245e+00
1.389204069995160751e+01 2.014079908496897442e+00
1.390717364189055338e+01 2.010387040743218723e+00
1.392230658382949748e+01 2.006703916925389741e+00
1.393743952576844336e+01 2.003030901494941229e+00
1.395257246770738746e+01 1.999368354069652742e+00
1.396770540964633334e+01 1.995716629243608153e+00
1.398283835158527744e+01 1.992076076401973594e+00
1.399797129352422331e+01 1.988447039540530259e+00
1.401310423546316741e+01 1.984829857090030902e+00
1.402823717740211329e+01 1.981224861745427113e+00
1.404337011934105917e+01 1.977632380300035075e+00
1.405850306128000327e+01 1.974052733484664035e+00
1.407363600321894914e+01 1.970486235811766962e+00
1.408876894515789324e+01 1.966933195424664715e+00
1.410390188709683912e+01 1.963393913951853476e+00
1.411903482903578322e+01 1.959868686366458501e+00
1.413416777097472909e+01 1.956357800850855311e+00
1.414930071291367497e+01 1.952861538666486485e+00
1.416443365485261907e+01 1.949380174028905843e+00
1.417956659679156495e+01 1.945913973988061985e+00
1.419469953873050905e+01 1.942463198313866712e+00
1.420983248066945492e+01 1.939028099387024584e+00
1.422496542260839902e+01 1.935608922095182205e+00
1.424009836454734490e+01 1.932205903734373731e+00
1.425523130648629078e+01 1.928819273915792110e+00
1.427036424842523488e+01 1.925449254477877181e+00
1.428549719036418075e+01 1.922096059403735291e+00
1.430063013230312485e+01 1.918759894743873318e+00
1.431576307424207073e+01 1.915440958544260663e+00
1.433089601618101483e+01 1.912139440779704103e+00
1.434602895811996071e+01 1.908855523292521061e+00
1.436116190005890658e+01 1.905589379736510436e+00
1.437629484199785068e+01 1.902341175526194084e+00
1.439142778393679656e+01 1.899111067791319885e+00
1.440656072587574066e+01 1.895899205336602833e+00
1.442169366781468653e+01 1.892705728606672189e+00
1.443682660975363063e+01 1.889530769656220466e+00
1.445195955169257651e+01 1.886374452125293866e+00
1.446709249363152061e+01 1.883236891219725928e+00
1.448222543557046649e+01 1.880118193696651341e+00
1.449735837750941236e+01 1.877018457855088140e+00
1.451249131944835646e+01 1.873937773531531015e+00
1.452762426138730234e+01 1.870876222100515296e+00
1.454275720332624644e+01 1.867833876480127664e+00
1.455789014526519232e+01 1.864810801142390950e+00
1.457302308720413642e+01 1.861807052128495066e+00
1.458815602914308229e+01 1.858822677068801665e+00
1.460328897108202817e+01 1.855857715207598124e+00
1.461842191302097227e+01 1.852912197432524666e+00
1.463355485495991815e+01 1.849986146308609358e+00
1.464868779689886225e+01 1.847079576116890776e+00
1.466382073883780812e+01 1.844192492897509528e+00
1.467895368077675222e+01 1.841324894497268883e+00
1.469408662271569810e+01 1.838476770621534806e+00
1.470921956465464397e+01 1.835648102890467204e+00
1.472435250659358807e+01 1.832838864899469566e+00
1.473948544853253395e+01 1.830049022283803506e+00
1.475461839047147805e+01 1.827278532787301568e+00
1.476975133241042393e+01 1.824527346335093503e+00
1.478488427434936803e+01 1.821795405110272270e+00
1.480001721628831390e+01 1.819082643634425178e+00
1.481515015822725978e+01 1.816388988851949549e+00
1.483028310016620388e+01 1.813714360218071864e+00
1.484541604210514976e+01 1.811058669790490905e+00
1.486054898404409386e+01 1.808421822324562722e+00
1.487568192598303973e+01 1.805803715371930185e+00
1.489081486792198383e+01 1.803204239382539154e+00
1.490594780986092971e+01 1.800623277809920264e+00
1.492108075179987381e+01 1.798060707219678589e+00
1.493621369373881969e+01 1.795516397401079933e+00
1.495134663567776556e+01 1.792990211481660268e+00
1.496647957761670966e+01 1.790482006044757712e+00
1.498161251955565554e+01 1.787991631249878699e+00
1.499674546149459964e+01 1.785518930955800831e+00
1.501187840343354551e+01 1.783063742846334065e+00
1.502701134537248961e+01 1.780625898558627185e+00
1.504214428731143549e+01 1.778205223813933866e+00
1.505727722925038137e+01 1.775801538550750625e+00
1.507241017118932547e+01 1.773414657060217392e+00
1.508754311312827134e+01 1.771044388123688806e+00
1.510267605506721544e+01 1.768690535152388055e+00
1.511780899700616132e+01 1.766352896329037359e+00
