  1    1    1    1  1.999858626747515
  1    1    1    2  -0.003760978804250351
  1    1    1    3  -1.082850788949203e-16
  1    1    1    4  1.355806911522221e-17
  1    1    2    1  -0.003760978804250351
  1    1    2    2  3.5827845482405882
  1    1    2    3  7.954977168904224e-15
  1    1    2    4  -1.2788280575903102e-15
  1    1    3    1  -1.082850788949203e-16
  1    1    3    2  7.954977168904224e-15
  1    1    3    3  0.13904540987148672
  1    1    4    1  1.355806911522221e-17
  1    1    4    2  -1.2788280575903102e-15
  1    1    4    4  0.1390454098714866
  1    1    5    5  0.1390454098714866
  1    2    1    1  -0.003760978804250351
  1    2    1    2  0.0009007834931063629
  1    2    2    1  -1.791290511940284
  1    2    2    2  -1.6248552437346032e-05
  1    2    2    3  1.1620862051185927e-16
  1    2    2    4  -1.4888182106837845e-17
  1    2    3    1  -3.977662749598736e-15
  1    2    3    2  -1.6023828830791874e-17
  1    2    3    3  -0.0025181515711251365
  1    2    4    1  6.394232230636256e-16
  1    2    4    4  -0.002518151571125125
  1    2    5    5  -0.0025181515711251326
  1    3    1    1  -1.082850788949203e-16
  1    3    1    3  -0.001932659094410467
  1    3    2    1  -3.977662749598736e-15
  1    3    2    2  -1.798023561406838e-16
  1    3    2    3  -0.006357339203277957
  1    3    3    1  -0.06952270493574328
  1    3    3    2  0.0012590757855625682
  1    3    3    3  -1.7500295829726005e-17
  1    4    1    1  1.355806911522221e-17
  1    4    1    4  -0.0019326590944104475
  1    4    2    1  6.394232230636256e-16
  1    4    2    2  2.1317412042011672e-17
  1    4    2    4  -0.00635733920327793
  1    4    3    4  -1.2711918723332459e-17
  1    4    4    1  -0.06952270493574314
  1    4    4    2  0.0012590757855625622
  1    5    1    5  -0.0019326590944104543
  1    5    2    5  -0.00635733920327795
  1    5    3    5  -1.2711918723332459e-17
  1    5    5    1  -0.06952270493574314
  1    5    5    2  0.001259075785562566
  2    1    1    1  -0.003760978804250351
  2    1    1    2  -1.791290511940284
  2    1    1    3  -3.977662749598736e-15
  2    1    1    4  6.394232230636256e-16
  2    1    2    1  0.0009007834931063629
  2    1    2    2  -1.6248552437346032e-05
  2    1    2    3  -1.6023828830791874e-17
  2    1    3    2  1.1620862051185927e-16
  2    1    3    3  -0.0025181515711251365
  2    1    4    2  -1.4888182106837845e-17
  2    1    4    4  -0.002518151571125125
  2    1    5    5  -0.0025181515711251326
  2    2    1    1  3.5827845482405882
  2    2    1    2  -1.6248552437346032e-05
  2    2    1    3  -1.798023561406838e-16
  2    2    1    4  2.1317412042011672e-17
  2    2    2    1  -1.6248552437346032e-05
  2    2    2    2  1.7913622450475217
  2    2    2    3  4.953120412827772e-15
  2    2    2    4  -7.962503326875499e-16
  2    2    3    1  -1.798023561406838e-16
  2    2    3    2  4.953120412827772e-15
  2    2    3    3  4.782207149144501e-05
  2    2    4    1  2.1317412042011672e-17
  2    2    4    2  -7.962503326875499e-16
  2    2    4    4  4.782207149144457e-05
  2    2    5    5  4.7822071491444875e-05
  2    3    1    1  7.954977168904224e-15
  2    3    1    2  1.1620862051185927e-16
  2    3    1    3  -0.006357339203277957
  2    3    2    1  -1.6023828830791874e-17
  2    3    2    2  4.953120412827772e-15
  2    3    2    3  -0.3528467280545856
  2    3    3    1  0.0012590757855625682
  2    3    3    2  -2.391103574568565e-05
  2    3    3    3  -9.752809447180487e-16
  2    3    4    3  1.568133895144549e-16
  2    4    1    1  -1.2788280575903102e-15
  2    4    1    2  -1.4888182106837845e-17
  2    4    1    4  -0.00635733920327793
  2    4    2    2  -7.962503326875499e-16
  2    4    2    4  -0.3528467280545855
  2    4    3    4  -9.75369303973543e-16
  2    4    4    1  0.0012590757855625622
  2    4    4    2  -2.3911035745574627e-05
  2    4    4    4  1.5679966940498496e-16
  2    5    1    5  -0.00635733920327795
  2    5    2    5  -0.3528467280545855
  2    5    3    5  -9.753693039735431e-16
  2    5    4    5  1.5681338951445482e-16
  2    5    5    1  0.001259075785562566
  2    5    5    2  -2.3911035745567688e-05
  3    1    1    1  -1.082850788949203e-16
  3    1    1    2  -3.977662749598736e-15
  3    1    1    3  -0.06952270493574328
  3    1    2    2  -1.798023561406838e-16
  3    1    2    3  0.0012590757855625682
  3    1    3    1  -0.001932659094410467
  3    1    3    2  -0.006357339203277957
  3    1    3    3  -1.7500295829726005e-17
  3    2    1    1  7.954977168904224e-15
  3    2    1    2  -1.6023828830791874e-17
  3    2    1    3  0.0012590757855625682
  3    2    2    1  1.1620862051185927e-16
  3    2    2    2  4.953120412827772e-15
  3    2    2    3  -2.391103574568565e-05
  3    2    3    1  -0.006357339203277957
  3    2    3    2  -0.3528467280545856
  3    2    3    3  -9.752809447180487e-16
  3    2    3    4  1.568133895144549e-16
  3    3    1    1  0.13904540987148672
  3    3    1    2  -0.0025181515711251365
  3    3    1    3  -1.7500295829726005e-17
  3    3    2    1  -0.0025181515711251365
  3    3    2    2  4.782207149144501e-05
  3    3    2    3  -9.752809447180487e-16
  3    3    3    1  -1.7500295829726005e-17
  3    3    3    2  -9.752809447180487e-16
  3    3    3    3  0.06954781509942862
  3    3    4    4  1.1991279395248414e-06
  3    3    5    5  1.199127939524841e-06
  3    4    1    4  -1.2711918723332459e-17
  3    4    2    4  -9.75369303973543e-16
  3    4    3    2  1.568133895144549e-16
  3    4    3    4  0.06954721553545881
  3    4    4    3  -5.995639697775612e-07
  3    5    1    5  -1.2711918723332459e-17
  3    5    2    5  -9.753693039735431e-16
  3    5    3    5  0.06954721553545881
  3    5    5    3  -5.995639697775612e-07
  4    1    1    1  1.355806911522221e-17
  4    1    1    2  6.394232230636256e-16
  4    1    1    4  -0.06952270493574314
  4    1    2    2  2.1317412042011672e-17
  4    1    2    4  0.0012590757855625622
  4    1    4    1  -0.0019326590944104475
  4    1    4    2  -0.00635733920327793
  4    1    4    3  -1.2711918723332459e-17
  4    2    1    1  -1.2788280575903102e-15
  4    2    1    4  0.0012590757855625622
  4    2    2    1  -1.4888182106837845e-17
  4    2    2    2  -7.962503326875499e-16
  4    2    2    4  -2.3911035745574627e-05
  4    2    4    1  -0.00635733920327793
  4    2    4    2  -0.3528467280545855
  4    2    4    3  -9.75369303973543e-16
  4    2    4    4  1.5679966940498496e-16
  4    3    2    3  1.568133895144549e-16
  4    3    3    4  -5.995639697775612e-07
  4    3    4    1  -1.2711918723332459e-17
  4    3    4    2  -9.75369303973543e-16
  4    3    4    3  0.06954721553545881
  4    4    1    1  0.1390454098714866
  4    4    1    2  -0.002518151571125125
  4    4    2    1  -0.002518151571125125
  4    4    2    2  4.782207149144457e-05
  4    4    2    4  1.5679966940498496e-16
  4    4    3    3  1.1991279395248414e-06
  4    4    4    2  1.5679966940498496e-16
  4    4    4    4  0.06954781509942856
  4    4    5    5  1.1991279395248404e-06
  4    5    2    5  1.5681338951445482e-16
  4    5    4    5  0.06954721553545878
  4    5    5    4  -5.995639697775612e-07
  5    1    1    5  -0.06952270493574314
  5    1    2    5  0.001259075785562566
  5    1    5    1  -0.0019326590944104543
  5    1    5    2  -0.00635733920327795
  5    1    5    3  -1.2711918723332459e-17
  5    2    1    5  0.001259075785562566
  5    2    2    5  -2.3911035745567688e-05
  5    2    5    1  -0.00635733920327795
  5    2    5    2  -0.3528467280545855
  5    2    5    3  -9.753693039735431e-16
  5    2    5    4  1.5681338951445482e-16
  5    3    3    5  -5.995639697775612e-07
  5    3    5    1  -1.2711918723332459e-17
  5    3    5    2  -9.753693039735431e-16
  5    3    5    3  0.06954721553545881
  5    4    4    5  -5.995639697775612e-07
  5    4    5    2  1.5681338951445482e-16
  5    4    5    4  0.06954721553545878
  5    5    1    1  0.1390454098714866
  5    5    1    2  -0.0025181515711251326
  5    5    2    1  -0.0025181515711251326
  5    5    2    2  4.7822071491444875e-05
  5    5    3    3  1.199127939524841e-06
  5    5    4    4  1.1991279395248404e-06
  5    5    5    5  0.06954781509942856
