           1           1           1           1   1.99985862674751     
           1           1           1           2 -3.760978804250351E-003
           1           1           1           3 -1.082850788949203E-016
           1           1           1           4  1.355806911522221E-017
           1           1           2           1 -3.760978804250351E-003
           1           1           2           2   3.58278454824059     
           1           1           2           3  7.954977168904224E-015
           1           1           2           4 -1.278828057590310E-015
           1           1           3           1 -1.082850788949203E-016
           1           1           3           2  7.954977168904224E-015
           1           1           3           3  0.139045409871487     
           1           1           4           1  1.355806911522221E-017
           1           1           4           2 -1.278828057590310E-015
           1           1           4           4  0.139045409871487     
           1           1           5           5  0.139045409871487     
           1           2           1           1 -3.760978804250351E-003
           1           2           1           2  9.007834931063629E-004
           1           2           2           1  -1.79129051194028     
           1           2           2           2 -1.624855243734603E-005
           1           2           2           3  1.162086205118593E-016
           1           2           2           4 -1.488818210683785E-017
           1           2           3           1 -3.977662749598736E-015
           1           2           3           2 -1.602382883079187E-017
           1           2           3           3 -2.518151571125136E-003
           1           2           4           1  6.394232230636256E-016
           1           2           4           4 -2.518151571125125E-003
           1           2           5           5 -2.518151571125133E-003
           1           3           1           1 -1.082850788949203E-016
           1           3           1           3 -1.932659094410467E-003
           1           3           2           1 -3.977662749598736E-015
           1           3           2           2 -1.798023561406838E-016
           1           3           2           3 -6.357339203277957E-003
           1           3           3           1 -6.952270493574328E-002
           1           3           3           2  1.259075785562568E-003
           1           3           3           3 -1.750029582972600E-017
           1           4           1           1  1.355806911522221E-017
           1           4           1           4 -1.932659094410448E-003
           1           4           2           1  6.394232230636256E-016
           1           4           2           2  2.131741204201167E-017
           1           4           2           4 -6.357339203277930E-003
           1           4           3           4 -1.271191872333246E-017
           1           4           4           1 -6.952270493574314E-002
           1           4           4           2  1.259075785562562E-003
           1           5           1           5 -1.932659094410454E-003
           1           5           2           5 -6.357339203277950E-003
           1           5           3           5 -1.271191872333246E-017
           1           5           5           1 -6.952270493574314E-002
           1           5           5           2  1.259075785562566E-003
           2           1           1           1 -3.760978804250351E-003
           2           1           1           2  -1.79129051194028     
           2           1           1           3 -3.977662749598736E-015
           2           1           1           4  6.394232230636256E-016
           2           1           2           1  9.007834931063629E-004
           2           1           2           2 -1.624855243734603E-005
           2           1           2           3 -1.602382883079187E-017
           2           1           3           2  1.162086205118593E-016
           2           1           3           3 -2.518151571125136E-003
           2           1           4           2 -1.488818210683785E-017
           2           1           4           4 -2.518151571125125E-003
           2           1           5           5 -2.518151571125133E-003
           2           2           1           1   3.58278454824059     
           2           2           1           2 -1.624855243734603E-005
           2           2           1           3 -1.798023561406838E-016
           2           2           1           4  2.131741204201167E-017
           2           2           2           1 -1.624855243734603E-005
           2           2           2           2   1.79136224504752     
           2           2           2           3  4.953120412827772E-015
           2           2           2           4 -7.962503326875499E-016
           2           2           3           1 -1.798023561406838E-016
           2           2           3           2  4.953120412827772E-015
           2           2           3           3  4.782207149144501E-005
           2           2           4           1  2.131741204201167E-017
           2           2           4           2 -7.962503326875499E-016
           2           2           4           4  4.782207149144457E-005
           2           2           5           5  4.782207149144488E-005
           2           3           1           1  7.954977168904224E-015
           2           3           1           2  1.162086205118593E-016
           2           3           1           3 -6.357339203277957E-003
           2           3           2           1 -1.602382883079187E-017
           2           3           2           2  4.953120412827772E-015
           2           3           2           3 -0.352846728054586     
           2           3           3           1  1.259075785562568E-003
           2           3           3           2 -2.391103574568565E-005
           2           3           3           3 -9.752809447180487E-016
           2           3           4           3  1.568133895144549E-016
           2           4           1           1 -1.278828057590310E-015
           2           4           1           2 -1.488818210683785E-017
           2           4           1           4 -6.357339203277930E-003
           2           4           2           2 -7.962503326875499E-016
           2           4           2           4 -0.352846728054586     
           2           4           3           4 -9.753693039735429E-016
           2           4           4           1  1.259075785562562E-003
           2           4           4           2 -2.391103574557463E-005
           2           4           4           4  1.567996694049850E-016
           2           5           1           5 -6.357339203277950E-003
           2           5           2           5 -0.352846728054586     
           2           5           3           5 -9.753693039735431E-016
           2           5           4           5  1.568133895144548E-016
           2           5           5           1  1.259075785562566E-003
           2           5           5           2 -2.391103574556769E-005
           3           1           1           1 -1.082850788949203E-016
           3           1           1           2 -3.977662749598736E-015
           3           1           1           3 -6.952270493574328E-002
           3           1           2           2 -1.798023561406838E-016
           3           1           2           3  1.259075785562568E-003
           3           1           3           1 -1.932659094410467E-003
           3           1           3           2 -6.357339203277957E-003
           3           1           3           3 -1.750029582972600E-017
           3           2           1           1  7.954977168904224E-015
           3           2           1           2 -1.602382883079187E-017
           3           2           1           3  1.259075785562568E-003
           3           2           2           1  1.162086205118593E-016
           3           2           2           2  4.953120412827772E-015
           3           2           2           3 -2.391103574568565E-005
           3           2           3           1 -6.357339203277957E-003
           3           2           3           2 -0.352846728054586     
           3           2           3           3 -9.752809447180487E-016
           3           2           3           4  1.568133895144549E-016
           3           3           1           1  0.139045409871487     
           3           3           1           2 -2.518151571125136E-003
           3           3           1           3 -1.750029582972600E-017
           3           3           2           1 -2.518151571125136E-003
           3           3           2           2  4.782207149144501E-005
           3           3           2           3 -9.752809447180487E-016
           3           3           3           1 -1.750029582972600E-017
           3           3           3           2 -9.752809447180487E-016
           3           3           3           3  6.954781509942862E-002
           3           3           4           4  1.199127939524841E-006
           3           3           5           5  1.199127939524841E-006
           3           4           1           4 -1.271191872333246E-017
           3           4           2           4 -9.753693039735429E-016
           3           4           3           2  1.568133895144549E-016
           3           4           3           4  6.954721553545881E-002
           3           4           4           3 -5.995639697775612E-007
           3           5           1           5 -1.271191872333246E-017
           3           5           2           5 -9.753693039735431E-016
           3           5           3           5  6.954721553545881E-002
           3           5           5           3 -5.995639697775612E-007
           4           1           1           1  1.355806911522221E-017
           4           1           1           2  6.394232230636256E-016
           4           1           1           4 -6.952270493574314E-002
           4           1           2           2  2.131741204201167E-017
           4           1           2           4  1.259075785562562E-003
           4           1           4           1 -1.932659094410448E-003
           4           1           4           2 -6.357339203277930E-003
           4           1           4           3 -1.271191872333246E-017
           4           2           1           1 -1.278828057590310E-015
           4           2           1           4  1.259075785562562E-003
           4           2           2           1 -1.488818210683785E-017
           4           2           2           2 -7.962503326875499E-016
           4           2           2           4 -2.391103574557463E-005
           4           2           4           1 -6.357339203277930E-003
           4           2           4           2 -0.352846728054586     
           4           2           4           3 -9.753693039735429E-016
           4           2           4           4  1.567996694049850E-016
           4           3           2           3  1.568133895144549E-016
           4           3           3           4 -5.995639697775612E-007
           4           3           4           1 -1.271191872333246E-017
           4           3           4           2 -9.753693039735429E-016
           4           3           4           3  6.954721553545881E-002
           4           4           1           1  0.139045409871487     
           4           4           1           2 -2.518151571125125E-003
           4           4           2           1 -2.518151571125125E-003
           4           4           2           2  4.782207149144457E-005
           4           4           2           4  1.567996694049850E-016
           4           4           3           3  1.199127939524841E-006
           4           4           4           2  1.567996694049850E-016
           4           4           4           4  6.954781509942856E-002
           4           4           5           5  1.199127939524840E-006
           4           5           2           5  1.568133895144548E-016
           4           5           4           5  6.954721553545878E-002
           4           5           5           4 -5.995639697775612E-007
           5           1           1           5 -6.952270493574314E-002
           5           1           2           5  1.259075785562566E-003
           5           1           5           1 -1.932659094410454E-003
           5           1           5           2 -6.357339203277950E-003
           5           1           5           3 -1.271191872333246E-017
           5           2           1           5  1.259075785562566E-003
           5           2           2           5 -2.391103574556769E-005
           5           2           5           1 -6.357339203277950E-003
           5           2           5           2 -0.352846728054586     
           5           2           5           3 -9.753693039735431E-016
           5           2           5           4  1.568133895144548E-016
           5           3           3           5 -5.995639697775612E-007
           5           3           5           1 -1.271191872333246E-017
           5           3           5           2 -9.753693039735431E-016
           5           3           5           3  6.954721553545881E-002
           5           4           4           5 -5.995639697775612E-007
           5           4           5           2  1.568133895144548E-016
           5           4           5           4  6.954721553545878E-002
           5           5           1           1  0.139045409871487     
           5           5           1           2 -2.518151571125133E-003
           5           5           2           1 -2.518151571125133E-003
           5           5           2           2  4.782207149144488E-005
           5           5           3           3  1.199127939524841E-006
           5           5           4           4  1.199127939524840E-006
           5           5           5           5  6.954781509942856E-002
